174617
96115
22613
174345
86236
215273
219638
22611
13097
130382
117310
134438
79199
74715
171714
129190
86232
86237
8575
186782
94494
204185
99557
86240
12548
103924
59697
22605
123430
34965
149264
119519
219643
221061
58369
132662
190835
190208
101360
43988
228544
219642
75322
139364
182009
192601
115578
119937
218848
67482
182524
99623
179854
22614
128600
144800
103925
88272
219386
22604
7643
106476
201994
215278
86231
212875
72392
144614
68298
149512
67965
54160
127971
22602
182291
22580
71147
55978
18595
7695
182290
89319
127976
129561
6181
44021
99295
117208
214241
178853
96107
22603
194774
24877
86432
176919
214239
174313
222998
129335
219641
22581
204174
123050
71148
55665
215654
215276
201775
129336
172085
25831
166633
86243
134775
139366
201327
212973
123864
103926
117210
231817
214247
41887
22612
22584
213644
129198
103934
22610
103927
214245
204354
20311
24546
117211
22548
220173
96111
151768
81438
86150
208387
150643
215962
96112
86230
214233
226446
86234
25112
22583
214234
72876
30182
136235
215274
212591
20361
79198
93593
66565
13837
489
133536
103928
124927
103929
151882
143870
187000
184605
12694
123051
214244
178441
96114
71934
74530
99626
163072
150640
203104
212587
96113
214214
149509
22606
78349
214246
155811
127861
45961
38816
129108
219677
174316
54688
45917
128561
96110
146526
219640
119928
223969
27099
129125
134441
215279
79201
214242
150638
143931
219639
15165
104953
22601
170027
78350
210740
103930
86151
215275
141140
79203
101359
103931
193606
103932
43524
212588
13460
101583
96109
52979
178338
103933
45962
22600
188518
114539
192007
189797
191130
60565
157629
99625
13348
144064
170026
62892
140792
174312
141139
139244
207188
214236
131909
129107
59715
122766
101355
182008
96467
99558
175369
86238
95573
117209
95572
130945
13347
214243
79200
44781
154608
99622
192896
114106
101358
164024
179959
211234
128477
79202
117311
131518
91149
182845
86233
84158
204173
211698
150645
99454
207704
22607
85110
96116
122973
79957
139863
99624
150637
184604
152658
182818
143671
193923
201785
114022
226447
60570
22582
106715
123052
101361
150641
143516
22609
222996
139367
127964
225641
164008
149313
99381
6388