155901
168141
236278
125996
191656
149083
57480
185993
188601
216475
125997
155731
124925
108985
134439
165964
162783
241608
112084
142696
189154
193607
236277
137002
185995
69809
148608
236279
102032
162216
75498
44041
126084
241605
126086
134440
165969
125377
165963
126080
165966
126082
236266
216476
126075
126078
236274
133627
236280
191020
236265
149082
57597
187597
87890
126085
236267
150646
150647
126081
236276
107317
165970
125944
185994
126079
126083
138692
138692
236263